numNs <- 6
ns <- c(5,10,50,100,500,1000)
aini <- 0
afin <- 20
bini <- 0
bfin <- 80
iter <- 500
